plotLb = [2983880,4869198,4869198,5106060,5106060,5114416,5323112,5323112,5337092,5583806,5384696,5487604,5128716,5322312,5322312,5333438,5229434,5229434,5250324,5278442,5286798,5307060,5251427,5413198,5433856,5495306,5136590,5150570,5212526,5212526,5279723,5253986,5253986,5274638,5279620,5276114,5276114,5175329,5169171,5214009,5244987,5261699,5175329,5197985,5237660,5250194,5256903,5131464,5225514,5229692,5248170,5261384,5256903,5157417,5162642,5170998,5185298,5277793,5282261,5245297,5270386,5278742,4976158,5189014,5205726,5267682,5267682,5197592,5227048,5255137,5255137,5045946,5211636,5234936,5193732,5205797,5265187,5265187,5277721,5278357,5278357,5327495,5252094,5176520,5210512,5252094,5385822,5273082,5273082,4951193,4954544,5144457,5144457,5152813,5167113,5267831,5267831,5203220,5202231,5247069,5278047,5203220,5225876,5205224,5209884,5271840,5271840,5052810,5212594,5217254,5279210,5279210,5123745,5251736,5260092,5245268,5257582,5260389,5270442,5278798,4973928,4994818,5152885,5171295,5160508,5194018,5095758,5235674,5112221,5175890,5213492,5275448,5275448,5200657,5250634,5277442,5203553,5220308,5264492,5012085,4995564,5104772,5112136,5225722,5225722,5256844,5256844,5277496,5153890,5153890,5257150,5262132,5246355,5246355,5273163,5246355,5249344,5265713,5265713,5030495,5120972,5144272,5206228,5206228,5273425,5247688,5247688,5268340,5273322,5269816,5269816,5122002,5272964,5273130,5018832,5018832,5169794,5216413,5219930,5270887,5059222,5082679,5090043,5175380,5175380,5183736,5198036,5198904,5259427,5086207,5005468,4995504,5100753,5130209,5264325,5183782,5200537,5200226,5240728,4999542,5117366,5180036,5215548,5013824,5139012,5185926,5160602,5193740,5023328,5066891,5132613,5133739,5086207,5126709,5239515,5243693,5262171,5216412,5209779,5260044,5186766,5186766,5225154,5225154,5233510,5247810,5269942,5208627,5055473,5082281,5108055,5240871,5267385,5186409,5203164,5141804,5267051,5267051,5169191,5208627,5219123,5237422,5237422,5254812,5218404,5254812,5084930,5093286,5266340,5268567,5165764,5167499,5231168,5268770,5096234,5196764,5196943,5251078,5145222,5233590,5268543,5145449,5137027,5067635,5101145,5101145,5259735,5195179,5195179,5263225,5263225,5137027,5177529,5260599,5152927,5241295,5203131,5224021,5222221,5225572,5241543,5265299,5106200,5143061,5168835,5237136,5253891,5265299,5190455,5170958,5126120,5246315,5269594,5269594,5134873,5267425,5151806,5175263,5182627,5175136,5185136,5262209,5190811,5169135,5159171,5264420,5159858,5173313,5183313,5230227,5190811,5205539,5254124,5254124,5043515,4976758,5138800,5168256,5250742,5181480,5221982,5221829,5238584,5225995,5225995,5266497,5258013,5258013,5004079,5140313,5190449,5233835,5004079,5030887,5056661,5137847,5215991,5109057,4986783,5020293,5156527,5215019,5254709,5071549,5138569,5197061,5204291,5124901,5133257,5189938,5191673,5255342,5129885,5218253,5265167,5253206,5109057,5123785,5234657,5229237,5262747,5135015,5151770,5228276,5143940,5089672,5113129,5120493,5217216,5217216,5184152,5242524,5250880,5261844,5270330,5228398,5228398,5239881,5209380,5239881,5043515,5168703,5215617,5190293,5223431,5054011,5134435,5181517,5192927,5097473,5151089,5180545,5257495,5167261,5039176,5072686,5098460,5231276,5257790,5170112,5186867,5167261,5181989,5210621,5146211,5179721,5179721,5247482,5262210,5244833,5215736,5144510,5147861,5188363,5150219,5223941,5268082,5155496,5139419,5203088,5203088,5155496,5232095,5240451,5232898,5239193,5246557,5054873,4979359,4912602,5074644,5104100,5186586,5117324,5157826,5228197,5269501,5238530,5157673,5174428,5265949,5193857,5134607,5158064,5165428,5262151,5262151,5193857,5271259,5272681,5222473,5069221,5106082,5242316,5153987,5221007,5183881,5272249,5222473,5237201,4973433,5091257,5153927,5189439,4987715,5112903,5159817,5134493,5167631,5225483,5227494,5267996,5272447,5119195,5148201,5215221,5252501,5156056,5236683,5240365,5272447,4997219,5040782,5106504,5107630,5225218,5225218,5246108,5053969,4974791,4998248,5005612,5161498,5174996,5102335,5102335,5248211,5170381,5170381,5196673,5215691,5215691,5070724,5114908,5223044,5193965,5129595,4976343,5013204,5149438,5207930,5247620,5061109,5128129,5186621,5193851,5119121,5127477,5184158,5185893,5249562,5123623,5211991,5246944,5129595,5144323,5249775,5054873,5095375,5244756,5248934,5180473,5244155,5094113,5060292,5060292,5211254,5062359,5069837,5158205,5216697,5139131,5142482,5154915,5175805,5223303,5236415,5158453,5224729,5126390,5134746,5243677,5245412,5137694,5238224,5195038,5127623,5127623,5234583,5192612,5102092,5155708,5185164,5249452,5125855,5153176,5192612,5203108,5221657,5221657,5175602,5181118,5143767,5133803,5239052,5134490,5147945,5157945,5204859,5181118,5195846,5178445,5228710,5089251,4993474,5030335,5166569,5225061,5241568,5241568,5249924,5073552,5081908,5190839,5192574,5078240,5145260,5173310,5173310,5181666,5195966,5200532,5203752,5132467,5025603,5015639,5120888,5150344,5203917,5220672,5220361,5019677,5137501,5200171,5235683,5033959,5159147,5206061,5180737,5213875,5043463,5087026,5152748,5153874,5169328,5184056,5140754,5229122,5197972,5034480,5061288,5087062,5219878,5246392,5165416,5182171,5175291,5233669,5049039,5085900,5111674,5192860,5088475,4997955,5051571,5081027,5210161,5236675,5145315,5178825,5249685,5249685,5021718,5178423,5178423,5183760,5213216,5226440,5052390,5184942,5239256,5092653,5217841,5239431,5244147,5244147,5102653,5179726,5226808,5242396,5138038,5140105,5147583,5235951,5216877,5220228,5232661,5236199,5178250,5204136,5212492,5179975,5196730,5089251,5103979,5215777,5214851,5166234,5099477,5100953,5075684,5152757,5200952,5234462,5214608,5218462,5226818,5100953,5141455,5226553,5224525,5156957,5163563,5126810,5190479,5190479,5180318,5224502,5170412,5180412,5227326,5209431,5242941,3001333,4914541,4961455,5135329,5140554,5145405,5145579,5199205,5199205,5204056,5205113,5249951,5065504,5197328,5197328,5110071,5207346,5212371,5218942,5225679,5234187,5244240,5249265,4949615,4982753,5152034,5152034,5156885,5157059,5210853,5210853,5211592,5215704,5025165,5250079,5062233,5246389,5246389,5184540,5045604,5065704,5148476,5148476,5198256,5198256,5130137,5177051,5192126,5243756,5243756,5173568,5047036,5047036,5233216,5233216,5074699,5222769,5252225,5243918,5093734,5174158,5184208,5197734,5105682,5241916,5250052,5251966,5110851,5137659,5163433,5213209,5240957,5179907,5196662,5215829,5093555,5116441,5183461,5198536,5215351,5127065,5228011,5208605,5228011,5232408,5241728,5215829,5230557,5250712,5196444,5219901,5227265,5204239,5125784,5125784,5141306,5241836,5250294,5251886,5171156,5194613,5201977,5219733,5219733,5214258,5224758,5198141,5076113,5073382,5116945,5132020,5148835,5081138,5210525,5210525,5236760,5240111,5103776,5184727,5214183,5205876,5222631,5111476,5229300,5231770,5239350,5198141,5238643,5222413,5167407,5194215,5219989,5236463,5222413,5250076,5236820,5236820,5181463,5249204,5179812,5213322,5213322,5245476,5245476,5249204,5188220,5188220,5236739,5196912,5206232,5140536,5140536,5232989,5235127,5156644,4988273,4993298,5179478,5179478,5205713,5209064,5015936,5164006,5193462,5185155,5201910,5042335,5085898,5100973,5128114,5080429,5198253,5208303,5211049,5160965,5081787,5105244,5112608,5232424,5147451,5147451,5177720,5221904,5239081,5236591,5083339,5106225,5173245,5188320,5205135,5120200,5222455,5203049,5222455,5227217,5236537,5236591,5251319,5156644,5197146,5237219,5200866,5167045,5127823,5176590,5184004,5187355,5167045,5182567,5229481,5229481,5238173,5247493,5201283,5201283,5208845,5228946,5247981,5234376,5234376,5218336,5181619,5085842,5108728,5175748,5190823,5243592,5243592,5243592,5198097,5198097,5192622,5203122,5212863,5122703,5162258,5162258,5210777,5167020,5176340,5192192,5126848,5153656,5179430,5195904,5212659,5224835,5076682,5073951,5117514,5132589,5149404,5081707,5211094,5211094,5237329,5240680,5104345,5185296,5214752,5206445,5223200,5112045,5229869,5232339,5239919,5146576,5087930,5087930,5095492,5149108,5178564,5180972,5214482,5115593,5138310,5215383,5225433,5238959,5149927,5183437,5209211,5215632,5232387,5235575,