plotLb = [3120015,4857782,4891338,5072976,5072976,5081332,5290028,5290028,5304008,5550722,5351612,5454520,5095632,5289228,5289228,5300354,5196350,5196350,5217240,5245358,5253714,5273976,5218343,5380114,5395609,5462222,5109880,5119200,5181156,5181156,5248353,5222616,5222616,5243268,5248250,5244744,5244744,5137132,5130974,5175812,5206790,5223502,5137132,5159788,5161618,5182508,5244464,5244464,5213481,5088042,5182092,5186270,5204748,5217962,5213481,5113995,5119220,5127576,5141876,5234371,5238839,5201875,5226964,5235320,5240302,5245471,5238839,5239066,4920452,5132348,5137573,5142424,5142598,5190732,5195757,5247387,5247387,5196336,5196336,5201187,5202244,5247082,4936318,5135749,5140974,5145999,5148702,5144761,5159836,5211466,5211466,5210243,5197309,5242147,5210243,5213793,5039655,5097130,5083503,5097130,5133435,5167463,5193278,5201634,5196990,5222805,5173638,5233245,5239517,5225082,5211455,5230107,5045888,5037444,5052390,5114346,5122702,5191154,5191154,5192905,5191204,5200524,5217558,5246116,5246116,5216093,5216093,5131030,5122889,5128114,5133139,5133249,5164419,5202160,5198939,5202160,5238465,5163732,5087044,5123619,5114170,5128644,5152010,5159924,5189547,5081953,5144653,5120700,5144653,5180958,5197903,5217467,5091823,5124443,5221718,5226743,5131501,5193328,5147128,5187340,5202464,5224280,5181282,5132390,5186307,5242949,5242949,5195017,5243080,5243080,5247010,5217587,5224280,5236814,5247462,5225921,5225921,5235525,5244078,5173225,5157942,5184750,5193106,5208256,5244646,5157942,5173225,5178604,5209530,5193397,5098955,5103980,5217415,5217415,5245857,5112690,5217546,5217546,5231802,5117182,5135260,5192374,5108214,5131671,5131671,5165503,5206553,5209129,5223076,5225841,5230258,5234436,5237619,5198697,5198697,5238505,5203017,5245675,5245675,5248825,5147947,5184808,5199581,5208613,5223896,5147203,5200819,5209175,5234651,5211964,5223896,5233453,5245474,5245474];
plotUb = [Inf,Inf,Inf,Inf,Inf,Inf,Inf,Inf,5304008,5304008,5304008,5304008,5304008,5304008,5304008,5304008,5304008,5304008,5304008,5304008,5253714,5253714,5253714,5253714,5253714,5253714,5253714,5253714,5253714,5253714,5253714,5253714,5253714,5253714,5248250,5248250,5248250,5248250,5248250,5248250,5248250,5248250,5248250,5248250,5248250,5248250,5248250,5248250,5248250,5248250,5248250,5248250,5248250,5248250,5248250,5248250,5248250,5248250,5248250,5248250,5248250,5248250,5248250,5248250,5248250,5248250,5248250,5248250,5248250,5248250,5248250,5248250,5248250,5248250,5248250,5248250,5248250,5248250,5248250,5248250,5248250,5248250,5248250,5248250,5248250,5248250,5248250,5248250,5248250,5248250,5248250,5248250,5248250,5248250,5248250,5248250,5248250,5248250,5248250,5248250,5248250,5248250,5248250,5248250,5248250,5248250,5248250,5248250,5248250,5248250,5248250,5248250,5248250,5248250,5248250,5248250,5248250,5248250,5248250,5248250,5248250,5248250,5248250,5248250,5248250,5248250,5248250,5248250,5248250,5248250,5248250,5248250,5248250,5248250,5248250,5248250,5248250,5248250,5248250,5248250,5248250,5248250,5248250,5248250,5248250,5248250,5248250,5248250,5248250,5248250,5248250,5248250,5248250,5248250,5248250,5248250,5248250,5248250,5248250,5248250,5248250,5248250,5248250,5248250,5248250,5248250,5248250,5248250,5248250,5248250,5248250,5248250,5248250,5248250,5248250,5248250,5248250,5248250,5248250,5248250,5248250,5248250,5248250,5248250,5248250,5248250,5248250,5248250,5248250,5248250,5248250,5248250,5248250,5248250,5248250,5248250,5248250,5248250,5248250,5248250,5248250,5248250,5248250,5248250,5248250,5248250,5248250,5248250,5248250,5248250,5248250,5248250,5248250,5248250,5248250,5248250,5248250,5248250,5248250,5248250,5248250,5248250,5248250,5248250,5248250,5248250,5248250,5248250,5248250,5248250,5248250,5248250,5248250,5248250];
plotBruteForce = [5743542,5690397,5690397,5682862,5682862,5682862,5682862,5621678,5621678,5556541,5556541,5556541,5404670,5404670,5404670,5404670,5403846,5403846,5403846,5403846,5403846,5403846,5403846,5403846,5403846,5403846,5403846,5403846,5403846,5403846,5403846,5403846,5403846,5403846,5403846,5403846,5403846,5403846,5403846,5403846,5403846,5403846,5403846,5403846,5403846,5403846,5403846,5403846,5403846,5403846,5403846,5403846,5403846,5403846,5403846,5403846,5403846,5403846,5403846,5403846,5403846,5403846,5403846,5403846,5403846,5403846,5403846,5403846,5403846,5403846,5403846,5403846,5403846,5403846,5403846,5403846,5403846,5403846,5403846,5403846,5403846,5403846,5403846,5403846,5403846,5403846,5403846,5403846,5403846,5403846,5403846,5403846,5403846,5403846,5403846,5403846,5403846,5403846,5403846,5403846,5403846,5403846,5403846,5403846,5403846,5403846,5403846,5403846,5403846,5403846,5403846,5403846,5403846,5403846,5403846,5403846,5403846,5403846,5403846,5403846,5403846,5403846,5403846,5403846,5403846,5403846,5403846,5403846,5403846,5403846,5403846,5403846,5403846,5403846,5403846,5403846,5403846,5403846,5403846,5403846,5403846,5403846,5403846,5403846,5403846,5403846,5403846,5403846,5403846,5403846,5403846,5403846,5403846,5403846,5403846,5403846,5403846,5403846,5403846,5403846,5403846,5403846,5403846,5403846,5403846,5403846,5403846,5403846,5403846,5403846,5403846,5403846,5403846,5403846,5403846,5403846,5403846,5403846,5403846,5403846,5403846,5403846,5403846,5403846,5403846,5403846,5403846,5403846,5403846,5403846,5403846,5403846,5403846,5403846,5403846,5403846,5403846,5403846,5403846,5403846,5403846,5403846,5403846,5403846,5403846,5403846,5403846,5403846,5403846,5403846,5403846,5403846,5403846,5403846,5403846,5403846,5403846,5403846,5403846,5403846,5403846,5403846,5403846,5403846,5403846,5403846,5403846,5403846,5403846,5403846,5403846,5403846,5403846,5403846,5403846,5403846,5403846,5403846,5403846,5403846,5403846,5403846,5403846,5403846,5403846,5403846,5403846,5403846,5403846,5403846,5403846,5403846,5403846,5403846,5403846,5403846,5403846,5403846,5403846,5403846,5403846,5403846,5403846,5403846,5403846,5403846,5403846,5403846,5403846,5403846,5403846,5403846,5403846,5403846,5403846,5403846,5403846,5403846,5403846,5403846,5403846,5403846,5403846,5403846,5403846,5403846,5403846,5403846,5403846,5403846,5403846,5403846,5403846,5403846,5403846,5403846,5403846,5403846,5403846,5403846,5403846,5403846,5403846,5403846,5403846,5403846,5403846,5403846,5403846,5403846,5403846,5403846,5403846,5403846,5403846,5403846,5403846,5403846,5403846,5403846,5403846,5403846,5403846,5403846,5403846,5403846,5403846,5403846,5403846,5403846,5403846,5403846,5403846,5403846,5403846,5403846,5403846,5403846,5403846,5403846,5403846,5403846,5403846,5403846,5403846,5403846,5403846,5403846,5403846,5403846,5403846,5403846,5403846,5403846,5403846,5403846,5403846,5403846,5403846,5403846,5403846,5403846,5403846,5403846,5403846,5403846,5403846,5403846,5403846,5403846,5403846,5403846,5403846,5403846,5403846,5403846,5403846,5403846,5403846,5403846,5403846,5403846,5403846,5403846,5403846,5403846,5403846,5403846,5403846,5403846,5403846,5403846,5403846,5403846,5403846,5403846,5403846,5403846,5403846,5403846,5403846,5403846,5403846,5403846,5403846,5403846,5403846,5403846,5403846,5403846,5403846,5403846,5403846,5403846,5403846,5403846,5403846,5403846,5403846,5403846,5403846,5403846,5403846,5403846,5403846,5403846,5403846,5403846,5403846,5403846,5403846,5403846,5403846,5403846,5403846,5403846,5403846,5403846,5403846,5403846,5403846,5403846,5403846,5403846,5403846,5403846,5403846,5403846,5403846,5403846,5403846,5403846,5403846,5403846,5403846,5403846,5403846,5403846,5403846,5403846,5403846,5403846,5403846,5403846,5403846,5403846,5403846,5403846,5403846,5403846,5403846,5403846,5403846,5403846,5403846,5403846,5403846,5403846,5403846,5403846,5403846,5403846,5403846,5403846,5403846,5403846,5403846,5403846,5403846,5403846,5403846,5403846,5403846,5403846,5403846,5403846,5403846,5403846,5403846,5403846,5403846,5403846,5403846,5403846,5403846,5403846,5403846,5403846,5403846,5403846,5403846,5403846,5403846,5403846,5403846,5403846,5403846,5403846,5403846,5403846,5403846,5403846,5403846,5403846,5403846,5403846,5403846,5403846,5403846,5403846,